18 194 10
4 1 4.17635 0.44384
1 29 213.99653 0.84779
2 64 20.32314 2.36395
4 70 6.32467 0.55315
2 78 25.76264 2.96039
1 84 721.50553 0.60699
2 86 30.58764 1.91082
1 90 429.39652 9.24201
2 91 35.09033 0.68141
1 110 747.57178 2.14392
4 121 4.99901 0.66584
1 134 641.14808 3.60261
4 148 2.01973 0.56302
1 162 986.00955 3.18186
1 175 252.83401 3.17466
3 180 6.64146 0.91087
1 185 172.88449 0.69012
1 194 0.00000 0.00000
52 10 1
43 56 129
68 31 198
8 31 2
32 54 115
33 9 176
73 21 89
52 75 136
84 71 105
6 69 146
