51
Clinton Trump
3 84102 119249
9 717138 1303576
6 378729 677904
11 888374 972900
55 5458724 2958116
9 1116972 1065963
7 814482 628320
3 260223 11553
3 235581 185103
29 4462415 4591278
16 1823586 2057202
4 251853 121648
6 652437 798302
4 181568 387748
20 2972297 2112221
11 1023609 1547429
6 413473 655025
8 628914 1203081
8 779535 1178004
11 1938289 1069220
10 1497951 873646
4 327796 307426
16 2267373 2279210
10 1363745 1321017
10 1054889 1585753
6 453932 660754
3 157359 253675
15 2162074 2339603
3 93528 216136
5 273858 485819
4 346816 345397
14 1947650 1489918
5 380527 315293
6 537753 511319
29 4053670 2589690
18 2317001 2771984
7 419788 947934
7 896695 720056
20 2844339 2912351
4 224535 165069
9 804943 1119749
3 117415 227576
11 865693 1515242
38 3848617 4651955
6 209928 333892
13 1911574 1728446
3 178074 95025
12 1118772 750719
10 1380512 1407401
5 186095 482809
3 55949 174248