10 10
335034016 788672820 66944546 320901493 835994454
253079305 826763452 675212054 756714774 356193598
640232203 785624406 83503012 716314819 137413797
136053361 444415615 78534298 408903014 220274269
294870117 448482279 418108380 690390968 351337285
655211069 973471282 531784236 576492826 613049387
105000181 604164563 570181788 765147612 811002925
409917046 548747183 292464168 850202158 236051257
297283469 311434014 612629108 938501800 616760752
177267612 990668261 619724343 674453452 465521143
516161277 719625747 459090358 961397347
361286497 685269323 85381039 435632543
554920455 858249722 395353559 875402515
724200562 943831868 88861963 557722637
170321046 810296514 111445481 728832197
9439046 455207634 15215311 77687986
429258361 506706655 40981308 789175743
18967438 692950777 476174548 961818219
311805887 579068473 229798815 660829967
529493841 564113611 362553888 649874958
