10 9
159 138 133 150 129 124 153 132 127 154 133 128 151 132 126 151 132 126 152 133 129 152 133 129 143 125 125 136 118 118
147 126 121 163 142 137 146 125 120 86 65 60 60 41 35 57 38 32 68 49 45 111 92 88 143 125 123 138 120 118
145 125 118 152 132 125 63 44 37 53 34 27 54 35 28 55 36 29 56 39 32 50 32 28 105 87 83 132 114 110
150 130 123 106 86 79 53 34 27 57 38 31 53 34 27 64 45 38 55 38 31 56 39 32 63 45 41 131 113 109
151 132 125 87 68 61 52 33 26 56 37 30 58 41 33 49 32 24 57 40 33 53 36 29 43 28 23 131 116 111
136 117 111 103 84 78 56 37 31 59 40 34 54 37 30 57 40 33 47 30 23 53 35 31 54 39 34 141 126 121
142 124 120 140 122 118 52 34 30 54 36 32 51 33 29 53 35 31 53 38 33 46 31 28 82 67 64 136 121 118
145 127 127 125 107 107 116 98 98 54 36 36 53 35 33 54 36 34 46 30 30 65 49 49 138 122 122 145 129 129
135 119 120 137 121 122 137 121 122 133 117 118 103 87 88 95 79 80 111 95 96 138 122 123 132 118 118 132 118 118
