7 7
0011100
0100010
1000001 
1000001 
1000001 
0100010
0011100
7 7
0011100
0100010
1000001 
0000001 
1000001 
0100010
0010100
7 7
0011100
0100010
1000001 
0000000 
1000001 
0100010
0011100
7 7
0001100
0100010
1000001 
0000001 
1000001 
0100010
0001100
14 27
111111111111111111111111111
111011111101111011111111101
100000110000011000000000001
111011111101111011011101101
111111101110111011000001101
110000100000011011110111101
110110101110111000000000001
110000100000111010111110101
110110101110111010100010101
110110100000111010101010101
110000101110111010000000101
111111011110111011111111101
111110111000111000000000001
111111111111111111111111111