600 809 840 815 555 508 493 546 608 737 930
774 831 699 536 586 818 485 790 861 617 838
799 919 538 521 510 431 924 742 589 602 814
645 933 801 521 728 870 701 621 705 746 730
665 665 655 515 496 720 729 969 517 858 532
606 606 572 797 480 469 455 666 483 488 514
545 864 928 866 906 639 454 480 699 607 582
884 602 617 608 812 957 583 499 500 672 672
966 597 587 580 958 667 684 537 500 912 805
843 783 653 577 528 523 521 515 506 830 875
643 904 632 859 627 690 561 657 741 729 587
10 4
2 7
3 2
7 9
8 4
5 0
6 1
-1 -1