20
1 857308423 34368234 712916841
1 655705527 363499430 898291977
1 980402899 509116282 730759588
2 375446845 604419051 426300217 497813912
2 166362130 523750832 951299513 968108339
1 779781503 366461409 267664110
1 461205768 688965087 314652008
1 276535756 519197915 469301063
2 317339667 800646190 16070606 894237590
1 841336131 399252083 723960521
1 179220618 178948243 75375289
1 773284094 87727730 326990805
2 15086360 525098195 147454488 854835212
1 541350901 930474951 637543154
2 531312413 955952176 320152154 384880507
2 712391657 731778501 347833425 622584582
2 85345094 590684241 376191404 424774097
2 464879336 836126544 321344020 939489705
2 231270405 824082371 398949852 583374784
1 691033646 428717912 282101408
